0;500.0830358;579.8473559;483.4597042;265.9106639;299.257791;513.9906576;737.7853407;49.27646196;698.8994292;278.4684398;106.2696394;278.4684398;106.7310061;278.4684398;221.9439147;278.4684398;348.213962;480.1396463;633.8474525;192.796639;49.27646196;515.8117562;376.0112143;422.9859763;195.4326652;229.9417078;228.9290922;185.2201742;411.3363844;475.3728001;515.8117562;537.8422676;428.1651259;276.111677;224.5151575;278.4684398;656.4589216;633.8473426;278.4684398;332.3562125;316.4690688;87.7664418;428.1651259;296.6742673;418.8144345;598.8356812;822.9081939;260.6392955;238.1185064;27.44368745;145.8349644;130.8504816;506.3869866
500.0830358;0;977.2228526;167.4902992;723.1436198;738.1120414;15.07782273;1071.384259;482.1652006;225.0810494;758.25458;472.5689407;758.25458;504.1804926;758.25458;700.3670118;758.25458;270.5011519;23.43489842;154.5484064;391.130855;482.1652006;330.758817;824.3823579;802.5183181;579.1715772;715.0908114;717.5587488;612.2069334;340.3284419;113.8268675;330.758817;889.2990863;216.355308;729.1994584;674.2879968;758.25458;198.6183592;154.5483003;758.25458;314.4940628;789.43661;516.2840295;216.355308;783.4451972;913.0867713;1051.123419;1193.332634;754.6180289;726.7458899;485.4901686;598.469729;628.3381167;21.89875357
579.8473559;977.2228526;0;1025.015054;321.2558813;281.9272427;992.259623;200.3060163;627.4585689;1201.240156;341.6479072;535.5274368;341.6479072;507.6377419;341.6479072;378.8318279;341.6479072;915.6815794;953.8367371;1059.557004;772.1787828;627.4585689;785.7845178;221.0469131;174.7564068;412.1878656;567.5622069;555.1677566;398.979166;988.8505904;898.3528404;785.7845178;120.2398034;984.657639;309.539295;356.1599248;341.6479072;1168.350444;1059.556915;341.6479072;907.2803767;302.7467253;644.6357554;984.657639;350.2089297;355.4477207;169.4711347;244.6562024;396.2684075;554.9107302;607.1445127;434.2760519;482.8856049;992.2444004
483.4597042;167.4902992;1025.015054;0;737.9030324;762.02965;166.1428936;1144.399212;450.9523487;235.0176985;760.278153;492.3746568;760.278153;522.4197663;760.278153;702.6006631;760.278153;158.6263654;175.2575825;302.2360325;322.2424136;450.9523487;481.3492864;846.0478442;852.2889662;613.3719541;667.0997298;672.3106558;634.5777826;191.5462578;269.2466892;481.3492864;951.8139096;72.76011891;746.194565;690.9397703;760.278153;187.0504678;302.2359456;760.278153;198.8801728;796.4928439;470.3064346;72.76011891;780.0034864;900.7831513;1073.733452;1255.329566;743.6364701;680.9747994;461.8384081;609.9128517;613.6049901;149.1213857
265.9106639;723.1436198;321.2558813;737.9030324;0;45.16376531;738.0310946;498.182814;311.1045167;938.1685806;63.54023791;251.1817219;63.54023791;219.6421032;63.54023791;60.96265642;63.54023791;612.1070805;700.7811808;834.3448713;458.215427;311.1045167;625.5184895;110.1422286;191.8009526;155.840512;269.959986;258.3446307;112.2650703;677.1490358;668.2824313;625.5184895;306.4958244;688.4495957;12.18989053;48.90659601;63.54023791;899.5570024;834.3447686;63.54023791;598.1372845;71.91259212;324.0780117;688.4495957;96.82194405;220.5898197;335.968313;565.9080155;114.9835759;261.1457983;292.3855266;128.0246091;161.8752239;734.1342243
299.257791;738.1120414;281.9272427;762.02965;45.16376531;0;753.1126916;454.473938;346.1412526;956.230838;99.14725965;270.6045209;99.14725965;239.8661839;99.14725965;105.959258;99.14725965;641.5381399;715.3725877;843.1547821;492.042514;346.1412526;619.6294447;86.28621174;146.6372033;160.4733703;314.9623203;303.2849051;127.7832829;710.1291701;677.1514809;619.6294447;261.5734425;715.3865764;33.31830169;74.74351064;99.14725965;918.9787434;843.1546819;99.14725965;629.8433964;88.94863387;362.8916514;715.3865764;129.0106769;237.7816461;313.8022139;526.2965244;155.9578479;305.9224155;326.3315999;155.3864952;204.0802048;750.1774475
513.9906576;15.07782273;992.259623;166.1428936;738.0310946;753.1126916;0;1086.006621;495.4782273;210.2703743;772.934835;487.3820721;772.934835;518.9966371;772.934835;715.0204016;772.934835;277.2627644;38.42522762;146.9458604;402.150808;495.4782273;340.5321364;839.3795952;817.5603576;594.2150967;728.072156;730.6673796;627.1512867;343.8349315;124.4281805;340.5321364;904.1810711;219.1129033;744.1198677;689.1832395;772.934835;184.6772214;146.9457577;772.934835;321.4448585;804.2262282;529.0206876;219.1129033;798.0194415;927.5051992;1066.157325;1208.1668;768.9868334;739.8416166;499.1127133;613.2394474;642.4918521;17.17593979
737.7853407;1071.384259;200.3060163;1144.399212;498.182814;454.473938;1086.006621;0;786.9048173;1296.059845;529.9834106;673.8650791;529.9834106;650.3961687;529.9834106;558.6915926;529.9834106;1053.407329;1048.094065;1129.898576;925.0568671;786.9048173;828.3645527;410.9163913;315.3407372;550.9891603;758.3821463;746.0889276;552.5758988;1134.910304;978.7621821;828.3645527;200.1199728;1113.43939;486.0023541;523.6902164;529.9834106;1268.629769;1129.8985;529.9834106;1051.422287;493.6801415;811.6836459;1113.43939;543.0861507;555.6583291;342.4260931;143.3341956;587.3311312;746.6857364;765.1375302;593.6473787;658.3363498;1088.907823
49.27646196;482.1652006;627.4585689;450.9523487;311.1045167;346.1412526;495.4782273;786.9048173;0;672.4138135;318.4340309;145.3778203;318.4340309;152.0473643;318.4340309;263.6201885;318.4340309;309.0822923;463.4933615;621.9997259;147.5135674;0;529.9118821;420.8316498;471.9679401;244.1120067;234.2867994;235.8885673;234.3327751;366.6822058;468.5778983;529.9118821;587.0110468;392.020484;321.7200578;271.4856633;318.4340309;628.5688614;621.999615;318.4340309;289.7339573;357.6708121;51.17220833;392.020484;333.6993593;450.1301965;641.1527803;870.9488964;294.3132137;245.1274967;22.66458725;194.2267361;165.1503949;486.5093231
698.8994292;225.0810494;1201.240156;235.0176985;938.1685806;956.230838;210.2703743;1296.059845;672.4138135;0;968.5038499;687.0919759;968.5038499;718.5601096;968.5038499;910.3283742;968.5038499;393.5603003;248.4953969;219.4361017;553.658679;672.4138135;523.317927;1042.220189;1026.484089;799.1730729;896.4929562;900.9241583;829.0426618;413.7633165;322.8832646;523.317927;1114.34612;307.0842017;945.0410698;889.6650317;968.5038499;48.7397778;219.4361001;968.5038499;433.6903148;1001.940003;697.4782818;307.0842017;991.4227062;1117.426869;1269.993137;1418.413587;958.8014253;909.7949412;680.2215982;811.341235;829.6386256;209.0414846
278.4684398;758.25458;341.6479072;760.278153;63.54023791;99.14725965;772.934835;529.9834106;318.4340309;968.5038499;0;286.775759;0;255.4613504;0;58.17555368;0;626.3462815;736.4587436;876.063326;465.3237901;318.4340309;680.611828;120.6334506;238.2210171;209.3374706;228.4874025;216.2426679;160.4165673;684.0093574;710.5660504;680.611828;347.1565409;706.5441604;70.28856702;99.52462725;0;928.1633895;876.0632211;0;608.1585004;41.11376311;321.3326362;706.5441604;33.75442222;164.4576065;323.8578412;583.7411119;59.32960338;217.256108;302.725643;160.8418522;155.3131899;767.8578884
106.2696394;472.5689407;535.5274368;492.3746568;251.1817219;270.6045209;487.3820721;673.8650791;145.3778203;687.0919759;286.775759;0;286.775759;31.61765665;286.775759;229.5836642;286.775759;381.5772783;450.4523641;589.9137326;256.3667622;145.3778203;428.262925;355.8909753;366.4837262;124.2624442;315.1277909;311.1482751;142.8215567;461.0532095;425.044768;428.262925;474.7657703;449.2077237;257.9525325;202.5802694;286.775759;648.9453869;589.9136268;286.775759;377.5770464;316.8970489;192.3407114;449.2077237;313.8549847;446.2334428;584.0511308;772.1337429;291.0157413;319.756442;124.2550587;126.1334696;179.8645071;483.1260808
278.4684398;758.25458;341.6479072;760.278153;63.54023791;99.14725965;772.934835;529.9834106;318.4340309;968.5038499;0;286.775759;0;255.4613504;0;58.17555368;0;626.3462815;736.4587436;876.063326;465.3237901;318.4340309;680.611828;120.6334506;238.2210171;209.3374706;228.4874025;216.2426679;160.4165673;684.0093574;710.5660504;680.611828;347.1565409;706.5441604;70.28856702;99.52462725;0;928.1633895;876.0632211;0;608.1585004;41.11376311;321.3326362;706.5441604;33.75442222;164.4576065;323.8578412;583.7411119;59.32960338;217.256108;302.725643;160.8418522;155.3131899;767.8578884
106.7310061;504.1804926;507.6377419;522.4197663;219.6421032;239.8661839;518.9966371;650.3961687;152.0473643;718.5601096;255.4613504;31.61765665;255.4613504;0;255.4613504;198.5081996;255.4613504;408.2383549;482.0496797;620.8635606;275.8468946;152.0473643;451.5678631;324.8339321;340.4143358;99.41181533;296.6239095;291.6800322;112.1858537;485.1482081;455.7334907;451.5678631;450.6774902;477.8587555;226.5352904;171.1138165;255.4613504;680.2464741;620.8634552;255.4613504;402.1646928;285.3045921;194.4725149;477.8587555;282.9232863;415.6174483;553.0017238;745.7700974;261.3745877;299.9815155;129.6189859;94.68137112;155.4830899;514.7378628
278.4684398;758.25458;341.6479072;760.278153;63.54023791;99.14725965;772.934835;529.9834106;318.4340309;968.5038499;0;286.775759;0;255.4613504;0;58.17555368;0;626.3462815;736.4587436;876.063326;465.3237901;318.4340309;680.611828;120.6334506;238.2210171;209.3374706;228.4874025;216.2426679;160.4165673;684.0093574;710.5660504;680.611828;347.1565409;706.5441604;70.28856702;99.52462725;0;928.1633895;876.0632211;0;608.1585004;41.11376311;321.3326362;706.5441604;33.75442222;164.4576065;323.8578412;583.7411119;59.32960338;217.256108;302.725643;160.8418522;155.3131899;767.8578884
221.9439147;700.3670118;378.8318279;702.6006631;60.96265642;105.959258;715.0204016;558.6915926;263.6201885;910.3283742;58.17555368;229.5836642;58.17555368;198.5081996;58.17555368;0;58.17555368;570.1503781;678.6457;819.3716797;411.0424134;263.6201885;631.6789397;161.2098591;252.4694357;163.1589298;210.6378956;199.3196828;111.9367882;630.1355437;654.157332;631.6789397;367.4502396;649.5438498;73.11099042;62.50743436;58.17555368;870.0110706;819.3715742;58.17555368;553.136643;94.52744574;270.7346946;649.5438498;84.55259778;217.8398994;377.5441196;623.1726102;74.56839954;202.7462771;246.9025157;104.4241809;105.1130072;709.8356084
278.4684398;758.25458;341.6479072;760.278153;63.54023791;99.14725965;772.934835;529.9834106;318.4340309;968.5038499;0;286.775759;0;255.4613504;0;58.17555368;0;626.3462815;736.4587436;876.063326;465.3237901;318.4340309;680.611828;120.6334506;238.2210171;209.3374706;228.4874025;216.2426679;160.4165673;684.0093574;710.5660504;680.611828;347.1565409;706.5441604;70.28856702;99.52462725;0;928.1633895;876.0632211;0;608.1585004;41.11376311;321.3326362;706.5441604;33.75442222;164.4576065;323.8578412;583.7411119;59.32960338;217.256108;302.725643;160.8418522;155.3131899;767.8578884
348.213962;270.5011519;915.6815794;158.6263654;612.1070805;641.5381399;277.2627644;1053.407329;309.0822923;393.5603003;626.3462815;381.5772783;626.3462815;408.2383549;626.3462815;570.1503781;626.3462815;0;264.4750333;424.2075451;169.0420343;309.0822923;509.0624185;722.080327;748.0457058;505.8380342;513.1287293;519.086661;517.3707049;97.9673123;331.5427993;509.0624185;855.4189637;88.50821529;621.5978846;567.7500856;626.3462815;345.6768045;424.2074422;626.3462815;44.29429666;664.6690096;320.5226807;88.50821529;642.7108744;757.4422939;946.76976;1153.678466;603.1652863;527.5062486;323.6374087;486.2817752;474.2237164;261.576372
480.1396463;23.43489842;953.8367371;175.2575825;700.7811808;715.3725877;38.42522762;1048.094065;463.4933615;248.4953969;736.4587436;450.4523641;736.4587436;482.0496797;736.4587436;678.6457;736.4587436;264.4750333;0;165.7521133;377.0554778;463.4933615;313.9285208;801.6528145;779.1401637;556.2551185;696.9798461;699.1937659;589.6730699;339.3748124;97.06544618;313.9285208;865.8714462;217.3487403;706.7352789;651.9053755;736.4587436;221.4619221;165.7520038;736.4587436;307.9297591;767.3493566;498.7552478;217.3487403;761.9122912;891.9125598;1028.240212;1169.919826;733.576373;708.403769;466.1680198;576.4548699;607.8080477;42.11051379
633.8474525;154.5484064;1059.557004;302.2360325;834.3448713;843.1547821;146.9458604;1129.898576;621.9997259;219.4361017;876.063326;589.9137326;876.063326;620.8635606;876.063326;819.3716797;876.063326;424.2075451;165.7521133;0;542.6137959;621.9997259;319.2446715;928.840295;887.1834086;682.7280153;856.2762678;857.7417748;722.0803861;488.0927302;166.1084235;319.2446715;961.1371517;362.930872;838.8746872;785.6701166;876.063326;226.7742701;9.49621E-05;876.063326;468.3789128;903.7091196;660.0513209;362.930872;903.7505581;1036.015959;1150.965026;1260.129008;879.411212;866.9974478;622.4943161;715.265874;757.6439365;162.8911751
192.796639;391.130855;772.1787828;322.2424136;458.215427;492.042514;402.150808;925.0568671;147.5135674;553.658679;465.3237901;256.3667622;465.3237901;275.8468946;465.3237901;411.0424134;465.3237901;169.0420343;377.0554778;542.6137959;0;147.5135674;530.997866;568.1264078;612.0974639;374.8819159;345.0403585;350.5895356;374.8320836;219.1695291;410.6619433;530.997866;724.9864235;256.3842085;468.6366213;417.3032219;465.3237901;507.1788444;542.6136857;465.3237901;143.715281;504.8918497;151.8342185;256.3842085;479.0930499;589.9789243;788.5095309;1014.567676;437.7424732;359.1329295;165.9036554;337.9059615;310.7721542;389.7559006
49.27646196;482.1652006;627.4585689;450.9523487;311.1045167;346.1412526;495.4782273;786.9048173;0;672.4138135;318.4340309;145.3778203;318.4340309;152.0473643;318.4340309;263.6201885;318.4340309;309.0822923;463.4933615;621.9997259;147.5135674;0;529.9118821;420.8316498;471.9679401;244.1120067;234.2867994;235.8885673;234.3327751;366.6822058;468.5778983;529.9118821;587.0110468;392.020484;321.7200578;271.4856633;318.4340309;628.5688614;621.999615;318.4340309;289.7339573;357.6708121;51.17220833;392.020484;333.6993593;450.1301965;641.1527803;870.9488964;294.3132137;245.1274967;22.66458725;194.2267361;165.1503949;486.5093231
515.8117562;330.758817;785.7845178;481.3492864;625.5184895;619.6294447;340.5321364;828.3645527;529.9118821;523.317927;680.611828;428.262925;680.611828;451.5678631;680.611828;631.6789397;680.611828;509.0624185;313.9285208;319.2446715;530.997866;529.9118821;0;698.6206058;623.1729026;471.3127573;741.6678706;738.5060374;520.7345255;604.0602841;217.1130646;9.49621E-05;676.5424985;501.9499269;626.0932428;581.4438871;680.611828;513.5369958;319.2446209;680.611828;542.2012779;697.3209061;579.9605839;501.9499269;713.0159241;844.7084942;902.5675074;964.35801;703.2699867;747.2886846;518.7032775;532.4032225;606.9822112;352.6554092
376.0112143;824.3823579;221.0469131;846.0478442;110.1422286;86.28621174;839.3795952;410.9163913;420.8316498;1042.220189;120.6334506;355.8909753;120.6334506;324.8339321;120.6334506;161.2098591;120.6334506;722.080327;801.6528145;928.840295;568.1264078;420.8316498;698.6206058;0;142.5887632;246.4665121;347.9094391;335.5638307;213.2674908;787.153653;762.9222877;698.6206058;236.4039917;797.7985715;100.505666;155.2090644;120.6334506;1004.694757;928.8401953;120.6334506;708.2753787;82.7813425;431.5081126;797.7985715;132.3988952;190.2205796;228.1698996;463.8338569;176.5537157;335.8991572;402.3901746;236.6639546;266.3224838;836.3856354
422.9859763;802.5183181;174.7564068;852.2889662;191.8009526;146.6372033;817.5603576;315.3407372;471.9679401;1026.484089;238.2210171;366.4837262;238.2210171;340.4143358;238.2210171;252.4694357;238.2210171;748.0457058;779.1401637;887.1834086;612.0974639;471.9679401;623.1729026;142.5887632;0;242.2256086;461.2852327;449.4964474;237.8589249;825.2513306;724.9057025;623.1729026;116.972301;814.1048534;179.8788519;209.9933589;238.2210171;993.6786048;887.1833175;238.2210171;742.5088238;211.9274452;496.4167989;814.1048534;261.4332337;331.9349863;282.3750729;405.6534955;297.4491749;451.8222887;450.3973602;278.3459453;346.3210764;817.4916163
195.4326652;579.1715772;412.1878656;613.3719541;155.840512;160.4733703;594.2150967;550.9891603;244.1120067;799.1730729;209.3374706;124.2624442;209.3374706;99.41181533;209.3374706;163.1589298;209.3374706;505.8380342;556.2551185;682.7280153;374.8819159;244.1120067;471.3127573;246.4665121;242.2256086;0;328.9940494;320.8422172;51.49071029;584.3184155;516.6982944;471.3127573;351.3329113;572.6209581;158.2789236;110.1806341;209.3374706;763.2759995;682.7279148;209.3374706;501.1397931;227.6416456;279.6224138;572.6209581;241.9995581;373.4241123;471.9987073;647.8786199;237.2279645;327.4979383;221.4949268;82.57875833;179.5580145;591.9027292
229.9417078;715.0908114;567.5622069;667.0997298;269.959986;314.9623203;728.072156;758.3821463;234.2867994;896.4929562;228.4874025;315.1277909;228.4874025;296.6239095;228.4874025;210.6378956;228.4874025;513.1287293;696.9798461;856.2762678;345.0403585;234.2867994;741.6678706;347.9094391;461.2852327;328.9940494;0;12.40457254;284.4196183;542.5495493;701.9671875;741.6678706;573.9491075;601.1520998;281.6443319;265.9307031;228.4874025;850.8294434;856.2761569;228.4874025;482.0832742;265.242944;199.8443407;601.1520998;217.4811765;276.3238035;519.2830853;806.1144852;171.4359386;16.04387166;235.5447208;246.4232831;149.892009;718.3542231
228.9290922;717.5587488;555.1677566;672.3106558;258.3446307;303.2849051;730.6673796;746.0889276;235.8885673;900.9241583;216.2426679;311.1482751;216.2426679;291.6800322;216.2426679;199.3196828;216.2426679;519.086661;699.1937659;857.7417748;350.5895356;235.8885673;738.5060374;335.5638307;449.4964474;320.8422172;12.40457254;0;275.5180157;550.3189834;702.4699122;738.5060374;561.9416666;606.9117178;269.9724301;255.3226134;216.2426679;855.4899587;857.741664;216.2426679;488.7233775;252.8814939;203.6034652;606.9117178;205.0777166;265.3873785;507.3079138;793.7202452;159.0679537;9.26651952;235.9564436;238.3561161;142.482843;721.1878989
185.2201742;612.2069334;398.979166;634.5777826;112.2650703;127.7832829;627.1512867;552.5758988;234.3327751;829.0426618;160.4165673;142.8215567;160.4165673;112.1858537;160.4165673;111.9367882;160.4165673;517.3707049;589.6730699;722.0803861;374.8320836;234.3327751;520.7345255;213.2674908;237.8589249;51.49071029;284.4196183;275.5180157;0;590.0825315;556.0176998;520.7345255;352.6947992;589.1565496;117.2361401;63.76899958;160.4165673;791.4301237;722.0802835;160.4165673;508.3078392;182.5220468;262.0134325;589.1565496;192.3511489;324.8740033;441.3529334;639.9923786;185.7919003;281.6394742;212.598689;44.61207577;137.6761274;623.7240777
411.3363844;340.3284419;988.8505904;191.5462578;677.1490358;710.1291701;343.8349315;1134.910304;366.6822058;413.7633165;684.0093574;461.0532095;684.0093574;485.1482081;684.0093574;630.1355437;684.0093574;97.9673123;339.3748124;488.0927302;219.1695291;366.6822058;604.0602841;787.153653;825.2513306;584.3184155;542.5495493;550.3189834;590.0825315;0;417.171233;604.0602841;935.5986632;125.1620298;687.4394801;635.4765034;684.0093574;365.131263;488.0926355;684.0093574;83.90917624;723.8084253;365.6201787;125.1620298;696.6613191;802.6287586;1007.496632;1229.812575;654.0752615;557.9461112;384.7693133;555.2048657;529.0006368;326.9298138
475.3728001;113.8268675;898.3528404;269.2466892;668.2824313;677.1514809;124.4281805;978.7621821;468.5778983;322.8832646;710.5660504;425.044768;710.5660504;455.7334907;710.5660504;654.157332;710.5660504;331.5427993;97.06544618;166.1084235;410.6619433;468.5778983;217.1130646;762.9222877;724.9057025;516.6982944;701.9671875;702.4699122;556.0176998;417.171233;0;217.1130646;803.520449;301.6838174;672.7720888;619.6381599;710.5660504;304.795472;166.1083218;710.5660504;371.956952;737.788475;510.5023331;301.6838174;738.6382214;871.2705414;985.7139208;1105.286295;715.4465825;711.732952;466.5317258;549.8848257;595.8019136;135.6923334
515.8117562;330.758817;785.7845178;481.3492864;625.5184895;619.6294447;340.5321364;828.3645527;529.9118821;523.317927;680.611828;428.262925;680.611828;451.5678631;680.611828;631.6789397;680.611828;509.0624185;313.9285208;319.2446715;530.997866;529.9118821;9.49621E-05;698.6206058;623.1729026;471.3127573;741.6678706;738.5060374;520.7345255;604.0602841;217.1130646;0;676.5424985;501.9499269;626.0932428;581.4438871;680.611828;513.5369958;319.2446209;680.611828;542.2012779;697.3209061;579.9605839;501.9499269;713.0159241;844.7084942;902.5675074;964.35801;703.2699867;747.2886846;518.7032775;532.4032225;606.9822112;352.6554092
537.8422676;889.2990863;120.2398034;951.8139096;306.4958244;261.5734425;904.1810711;200.1199728;587.0110468;1114.34612;347.1565409;474.7657703;347.1565409;450.6774902;347.1565409;367.4502396;347.1565409;855.4189637;865.8714462;961.1371517;724.9864235;587.0110468;676.5424985;236.4039917;116.972301;351.3329113;573.9491075;561.9416666;352.6947992;935.5986632;803.520449;676.5424985;0;917.7836425;294.380534;326.944345;347.1565409;1084.224186;961.1370673;347.1565409;852.2873724;315.6908949;612.816177;917.7836425;366.1955363;411.9365788;281.392756;304.6211691;406.3116637;563.6701726;565.1643075;394.2548603;463.119568;905.6680942
428.1651259;216.355308;984.657639;72.76011891;688.4495957;715.3865764;219.1129033;1113.43939;392.020484;307.0842017;706.5441604;449.2077237;706.5441604;477.8587555;706.5441604;649.5438498;706.5441604;88.50821529;217.3487403;362.930872;256.3842085;392.020484;501.9499269;797.7985715;814.1048534;572.6209581;601.1520998;606.9117178;589.1565496;125.1620298;301.6838174;501.9499269;917.7836425;0;697.3875221;642.6998879;706.5441604;258.7713346;362.9307773;706.5441604;126.6473092;743.9695455;406.9546434;0;724.4524002;841.8873782;1024.232167;1219.217091;686.2386897;615.4029906;404.8984599;561.1503446;556.5691492;202.1067826
276.111677;729.1994584;309.539295;746.194565;12.18989053;33.31830169;744.1198677;486.0023541;321.7200578;945.0410698;70.28856702;257.9525325;70.28856702;226.5352904;70.28856702;73.11099042;70.28856702;621.5978846;706.7352789;838.8746872;468.6366213;321.7200578;626.0932428;100.505666;179.8788519;158.2789236;281.6443319;269.9724301;117.2361401;687.4394801;672.7720888;626.0932428;294.380534;697.3875221;0;55.48763902;70.28856702;906.7539528;838.8745851;70.28856702;608.134105;71.77819616;335.4833896;697.3875221;102.5767587;222.0599531;327.540698;554.1948738;124.4485516;272.6450845;302.7462295;136.3786656;173.8234775;740.4613243
224.5151575;674.2879968;356.1599248;690.9397703;48.90659601;74.74351064;689.1832395;523.6902164;271.4856633;889.6650317;99.52462725;202.5802694;99.52462725;171.1138165;99.52462725;62.50743436;99.52462725;567.7500856;651.9053755;785.6701166;417.3032219;271.4856633;581.4438871;155.2090644;209.9933589;110.1806341;265.9307031;255.3226134;63.76899958;635.4765034;619.6381599;581.4438871;326.944345;642.6998879;55.48763902;0;99.52462725;851.2909167;785.6700137;99.52462725;555.3930067;118.8047331;289.657367;642.6998879;132.7115903;263.2655214;382.8601549;600.1789345;135.4676995;259.7353641;251.5931106;81.58669006;136.737238;685.3564476
278.4684398;758.25458;341.6479072;760.278153;63.54023791;99.14725965;772.934835;529.9834106;318.4340309;968.5038499;0;286.775759;0;255.4613504;0;58.17555368;0;626.3462815;736.4587436;876.063326;465.3237901;318.4340309;680.611828;120.6334506;238.2210171;209.3374706;228.4874025;216.2426679;160.4165673;684.0093574;710.5660504;680.611828;347.1565409;706.5441604;70.28856702;99.52462725;0;928.1633895;876.0632211;0;608.1585004;41.11376311;321.3326362;706.5441604;33.75442222;164.4576065;323.8578412;583.7411119;59.32960338;217.256108;302.725643;160.8418522;155.3131899;767.8578884
656.4589216;198.6183592;1168.350444;187.0504678;899.5570024;918.9787434;184.6772214;1268.629769;628.5688614;48.7397778;928.1633895;648.9453869;928.1633895;680.2464741;928.1633895;870.0110706;928.1633895;345.6768045;221.4619221;226.7742701;507.1788444;628.5688614;513.5369958;1004.694757;993.6786048;763.2759995;850.8294434;855.4899587;791.4301237;365.131263;304.795472;513.5369958;1084.224186;258.7713346;906.7539528;851.2909167;928.1633895;0;226.7742446;928.1633895;385.4162731;962.2784675;652.2869764;258.7713346;950.377837;1075.256963;1232.753541;1388.716199;916.8395062;864.3054465;637.0887459;772.2015907;787.3045049;179.9583839
633.8473426;154.5483003;1059.556915;302.2359456;834.3447686;843.1546819;146.9457577;1129.8985;621.999615;219.4361001;876.0632211;589.9136268;876.0632211;620.8634552;876.0632211;819.3715742;876.0632211;424.2074422;165.7520038;9.49621E-05;542.6136857;621.999615;319.2446209;928.8401953;887.1833175;682.7279148;856.2761569;857.741664;722.0802835;488.0926355;166.1083218;319.2446209;961.1370673;362.9307773;838.8745851;785.6700137;876.0632211;226.7742446;0;876.0632211;468.3788096;903.709016;660.0512097;362.9307773;903.7504524;1036.015853;1150.964929;1260.128927;879.4111049;866.9973371;622.4942056;715.2657689;757.6438278;162.8910741
278.4684398;758.25458;341.6479072;760.278153;63.54023791;99.14725965;772.934835;529.9834106;318.4340309;968.5038499;0;286.775759;0;255.4613504;0;58.17555368;0;626.3462815;736.4587436;876.063326;465.3237901;318.4340309;680.611828;120.6334506;238.2210171;209.3374706;228.4874025;216.2426679;160.4165673;684.0093574;710.5660504;680.611828;347.1565409;706.5441604;70.28856702;99.52462725;0;928.1633895;876.0632211;0;608.1585004;41.11376311;321.3326362;706.5441604;33.75442222;164.4576065;323.8578412;583.7411119;59.32960338;217.256108;302.725643;160.8418522;155.3131899;767.8578884
332.3562125;314.4940628;907.2803767;198.8801728;598.1372845;629.8433964;321.4448585;1051.422287;289.7339573;433.6903148;608.1585004;377.5770464;608.1585004;402.1646928;608.1585004;553.136643;608.1585004;44.29429666;307.9297591;468.3789128;143.715281;289.7339573;542.2012779;708.2753787;742.5088238;501.1397931;482.0832742;488.7233775;508.3078392;83.90917624;371.956952;542.2012779;852.2873724;126.6473092;608.134105;555.3930067;608.1585004;385.4162731;468.3788096;608.1585004;0;647.3537872;294.8294533;126.6473092;622.6004822;733.3364025;930.6473961;1147.487339;581.4522346;496.8810944;306.4425652;474.5603636;454.1220532;305.8220382
316.4690688;789.43661;302.7467253;796.4928439;71.91259212;88.94863387;804.2262282;493.6801415;357.6708121;1001.940003;41.11376311;316.8970489;41.11376311;285.3045921;41.11376311;94.52744574;41.11376311;664.6690096;767.3493566;903.7091196;504.8918497;357.6708121;697.3209061;82.7813425;211.9274452;227.6416456;265.242944;252.8814939;182.5220468;723.8084253;737.788475;697.3209061;315.6908949;743.9695455;71.77819616;118.8047331;41.11376311;962.2784675;903.709016;41.11376311;647.3537872;0;361.9682784;743.9695455;50.50817502;150.5735812;283.7088764;543.7940191;93.82041653;253.1299476;341.3186003;191.0332751;195.7391553;799.7032722
87.7664418;516.2840295;644.6357554;470.3064346;324.0780117;362.8916514;529.0206876;811.6836459;51.17220833;697.4782818;321.3326362;192.3407114;321.3326362;194.4725149;321.3326362;270.7346946;321.3326362;320.5226807;498.7552478;660.0513209;151.8342185;51.17220833;579.9605839;431.5081126;496.4167989;279.6224138;199.8443407;203.6034652;262.0134325;365.6201787;510.5023331;579.9605839;612.816177;406.9546434;335.4833896;289.657367;321.3326362;652.2869764;660.0512097;321.3326362;294.8294533;361.9682784;0;406.9546434;331.7003884;438.5245537;645.0556624;889.1561435;288.4976633;212.5715782;68.72440935;218.8831024;166.3073739;518.9484919
428.1651259;216.355308;984.657639;72.76011891;688.4495957;715.3865764;219.1129033;1113.43939;392.020484;307.0842017;706.5441604;449.2077237;706.5441604;477.8587555;706.5441604;649.5438498;706.5441604;88.50821529;217.3487403;362.930872;256.3842085;392.020484;501.9499269;797.7985715;814.1048534;572.6209581;601.1520998;606.9117178;589.1565496;125.1620298;301.6838174;501.9499269;917.7836425;0;697.3875221;642.6998879;706.5441604;258.7713346;362.9307773;706.5441604;126.6473092;743.9695455;406.9546434;0;724.4524002;841.8873782;1024.232167;1219.217091;686.2386897;615.4029906;404.8984599;561.1503446;556.5691492;202.1067826
296.6742673;783.4451972;350.2089297;780.0034864;96.82194405;129.0106769;798.0194415;543.0861507;333.6993593;991.4227062;33.75442222;313.8549847;33.75442222;282.9232863;33.75442222;84.55259778;33.75442222;642.7108744;761.9122912;903.7505581;479.0930499;333.6993593;713.0159241;132.3988952;261.4332337;241.9995581;217.4811765;205.0777166;192.3511489;696.6613191;738.6382214;713.0159241;366.1955363;724.4524002;102.5767587;132.7115903;33.75442222;950.377837;903.7504524;33.75442222;622.6004822;50.50817502;331.7003884;724.4524002;0;133.4633843;315.4174577;589.0588613;47.52648313;204.7021532;319.5814151;188.9760268;168.5949751;792.4645603
418.8144345;913.0867713;355.4477207;900.7831513;220.5898197;237.7816461;927.5051992;555.6583291;450.1301965;1117.426869;164.4576065;446.2334428;164.4576065;415.6174483;164.4576065;217.8398994;164.4576065;757.4422939;891.9125598;1036.015959;589.9789243;450.1301965;844.7084942;190.2205796;331.9349863;373.4241123;276.3238035;265.3873785;324.8740033;802.6287586;871.2705414;844.7084942;411.9365788;841.8873782;222.0599531;263.2655214;164.4576065;1075.256963;1036.015853;164.4576065;733.3364025;150.5735812;438.5245537;841.8873782;133.4633843;0;256.7851768;568.4072756;158.7625045;260.4300747;439.0943797;322.1931263;287.9642743;921.3165994
598.8356812;1051.123419;169.4711347;1073.733452;335.968313;313.8022139;1066.157325;342.4260931;641.1527803;1269.993137;323.8578412;584.0511308;323.8578412;553.0017238;323.8578412;377.5441196;323.8578412;946.76976;1028.240212;1150.965026;788.5095309;641.1527803;902.5675074;228.1698996;282.3750729;471.9987073;519.2830853;507.3079138;441.3529334;1007.496632;985.7139208;902.5675074;281.392756;1024.232167;327.540698;382.8601549;323.8578412;1232.753541;1150.964929;323.8578412;930.6473961;283.7088764;645.0556624;1024.232167;315.4174577;256.7851768;0;320.0451223;361.765013;504.2583756;624.2757747;463.8494915;479.1705802;1063.579794
822.9081939;1193.332634;244.6562024;1255.329566;565.9080155;526.2965244;1208.1668;143.3341956;870.9488964;1418.413587;583.7411119;772.1337429;583.7411119;745.7700974;583.7411119;623.1726102;583.7411119;1153.678466;1169.919826;1260.129008;1014.567676;870.9488964;964.35801;463.8338569;405.6534955;647.8786199;806.1144852;793.7202452;639.9923786;1229.812575;1105.286295;964.35801;304.6211691;1219.217091;554.1948738;600.1789345;583.7411119;1388.716199;1260.128927;583.7411119;1147.487339;543.7940191;889.1561435;1219.217091;589.0588613;568.4072756;320.0451223;0;636.1011513;792.6820433;850.2952187;677.0851265;727.46723;1209.935747
260.6392955;754.6180289;396.2684075;743.6364701;114.9835759;155.9578479;768.9868334;587.3311312;294.3132137;958.8014253;59.32960338;291.0157413;59.32960338;261.3745877;59.32960338;74.56839954;59.32960338;603.1652863;733.576373;879.411212;437.7424732;294.3132137;703.2699867;176.5537157;297.4491749;237.2279645;171.4359386;159.0679537;185.7919003;654.0752615;715.4465825;703.2699867;406.3116637;686.2386897;124.4485516;135.4676995;59.32960338;916.8395062;879.4111049;59.32960338;581.4522346;93.82041653;288.4976633;686.2386897;47.52648313;158.7625045;361.765013;636.1011513;0;159.3639294;281.8573703;171.5248866;130.0331749;762.6592497
238.1185064;726.7458899;554.9107302;680.9747994;261.1457983;305.9224155;739.8416166;746.6857364;245.1274967;909.7949412;217.256108;319.756442;217.256108;299.9815155;217.256108;202.7462771;217.256108;527.5062486;708.403769;866.9974478;359.1329295;245.1274967;747.2886846;335.8991572;451.8222887;327.4979383;16.04387166;9.26651952;281.6394742;557.9461112;711.732952;747.2886846;563.6701726;615.4029906;272.6450845;259.7353641;217.256108;864.3054465;866.9973371;217.256108;496.8810944;253.1299476;212.5715782;615.4029906;204.7021532;260.4300747;504.2583756;792.6820433;159.3639294;0;245.2216071;245.1226339;149.7873512;730.3347494
27.44368745;485.4901686;607.1445127;461.8384081;292.3855266;326.3315999;499.1127133;765.1375302;22.66458725;680.2215982;302.725643;124.2550587;302.725643;129.6189859;302.725643;246.9025157;302.725643;323.6374087;466.1680198;622.4943161;165.9036554;22.66458725;518.7032775;402.3901746;450.3973602;221.4949268;235.5447208;235.9564436;212.598689;384.7693133;466.5317258;518.7032775;565.1643075;404.8984599;302.7462295;251.5931106;302.725643;637.0887459;622.4942056;302.725643;306.4425652;341.3186003;68.72440935;404.8984599;319.5814151;439.0943797;624.2757747;850.2952187;281.8573703;245.2216071;0;173.2453093;151.8764901;490.8165688
145.8349644;598.469729;434.2760519;609.9128517;128.0246091;155.3864952;613.2394474;593.6473787;194.2267361;811.341235;160.8418522;126.1334696;160.8418522;94.68137112;160.8418522;104.4241809;160.8418522;486.2817752;576.4548699;715.265874;337.9059615;194.2267361;532.4032225;236.6639546;278.3459453;82.57875833;246.4232831;238.3561161;44.61207577;555.2048657;549.8848257;532.4032225;394.2548603;561.1503446;136.3786656;81.58669006;160.8418522;772.2015907;715.2657689;160.8418522;474.5603636;191.0332751;218.8831024;561.1503446;188.9760268;322.1931263;463.8494915;677.0851265;171.5248866;245.1226339;173.2453093;0;97.07848558;608.6702564
130.8504816;628.3381167;482.8856049;613.6049901;161.8752239;204.0802048;642.4918521;658.3363498;165.1503949;829.6386256;155.3131899;179.8645071;155.3131899;155.4830899;155.3131899;105.1130072;155.3131899;474.2237164;607.8080477;757.6439365;310.7721542;165.1503949;606.9822112;266.3224838;346.3210764;179.5580145;149.892009;142.482843;137.6761274;529.0006368;595.8019136;606.9822112;463.119568;556.5691492;173.8234775;136.737238;155.3131899;787.3045049;757.6438278;155.3131899;454.1220532;195.7391553;166.3073739;556.5691492;168.5949751;287.9642743;479.1705802;727.46723;130.0331749;149.7873512;151.8764901;97.07848558;0;635.5135276
506.3869866;21.89875357;992.2444004;149.1213857;734.1342243;750.1774475;17.17593979;1088.907823;486.5093231;209.0414846;767.8578884;483.1260808;767.8578884;514.7378628;767.8578884;709.8356084;767.8578884;261.576372;42.11051379;162.8911751;389.7559006;486.5093231;352.6554092;836.3856354;817.4916163;591.9027292;718.3542231;721.1878989;623.7240777;326.9298138;135.6923334;352.6554092;905.6680942;202.1067826;740.4613243;685.3564476;767.8578884;179.9583839;162.8910741;767.8578884;305.8220382;799.7032722;518.9484919;202.1067826;792.4645603;921.3165994;1063.579794;1209.935747;762.6592497;730.3347494;490.8165688;608.6702564;635.5135276;0